Train_mse = 2.3932196176652895E-8
Validation_mse = 4.8425732753864094E-8
